# large_scale forcing terms Bomex 10-10-2001
# height ug vg wfls dqtdxls dqtdyls dqtdtls dthlrad    BOMEX
  20.00000     9.96400     0.00000    -0.00009     0.00000     0.00000    -0.00000    -0.00002
  60.00000     9.89200     0.00000    -0.00026     0.00000     0.00000    -0.00000    -0.00002
 100.00000     9.82000     0.00000    -0.00043     0.00000     0.00000    -0.00000    -0.00002
 140.00000     9.74800     0.00000    -0.00061     0.00000     0.00000    -0.00000    -0.00002
 180.00000     9.67600     0.00000    -0.00078     0.00000     0.00000    -0.00000    -0.00002
 220.00000     9.60400     0.00000    -0.00095     0.00000     0.00000    -0.00000    -0.00002
 260.00000     9.53200     0.00000    -0.00113     0.00000     0.00000    -0.00000    -0.00002
 300.00000     9.46000     0.00000    -0.00130     0.00000     0.00000    -0.00000    -0.00002
 340.00000     9.38800     0.00000    -0.00147     0.00000     0.00000    -0.00000    -0.00002
 380.00000     9.31600     0.00000    -0.00165     0.00000     0.00000    -0.00000    -0.00002
 420.00000     9.24400     0.00000    -0.00182     0.00000     0.00000    -0.00000    -0.00002
 460.00000     9.17200     0.00000    -0.00199     0.00000     0.00000    -0.00000    -0.00002
 500.00000     9.10000     0.00000    -0.00217     0.00000     0.00000     0.00000    -0.00002
 540.00000     9.02800     0.00000    -0.00234     0.00000     0.00000     0.00000    -0.00002
 580.00000     8.95600     0.00000    -0.00251     0.00000     0.00000     0.00000    -0.00002
 620.00000     8.88400     0.00000    -0.00269     0.00000     0.00000     0.00000    -0.00002
 660.00000     8.81200     0.00000    -0.00286     0.00000     0.00000     0.00000    -0.00002
 700.00000     8.74000     0.00000    -0.00303     0.00000     0.00000     0.00000    -0.00002
 740.00000     8.66800     0.00000    -0.00321     0.00000     0.00000     0.00000    -0.00002
 780.00000     8.59600     0.00000    -0.00338     0.00000     0.00000     0.00000    -0.00002
 820.00000     8.52400     0.00000    -0.00355     0.00000     0.00000     0.00000    -0.00002
 860.00000     8.45200     0.00000    -0.00373     0.00000     0.00000     0.00000    -0.00002
 900.00000     8.38000     0.00000    -0.00390     0.00000     0.00000     0.00000    -0.00002
 940.00000     8.30800     0.00000    -0.00407     0.00000     0.00000     0.00000    -0.00002
 980.00000     8.23600     0.00000    -0.00425     0.00000     0.00000     0.00000    -0.00002
1020.00000     8.16400     0.00000    -0.00442     0.00000     0.00000     0.00000    -0.00002
1060.00000     8.09200     0.00000    -0.00459     0.00000     0.00000     0.00000    -0.00002
1100.00000     8.02000     0.00000    -0.00477     0.00000     0.00000     0.00000    -0.00002
1140.00000     7.94800     0.00000    -0.00494     0.00000     0.00000     0.00000    -0.00002
1180.00000     7.87600     0.00000    -0.00511     0.00000     0.00000     0.00000    -0.00002
1220.00000     7.80400     0.00000    -0.00529     0.00000     0.00000     0.00000    -0.00002
1260.00000     7.73200     0.00000    -0.00546     0.00000     0.00000     0.00000    -0.00002
1300.00000     7.66000     0.00000    -0.00563     0.00000     0.00000     0.00000    -0.00002
1340.00000     7.58800     0.00000    -0.00581     0.00000     0.00000     0.00000    -0.00002
1380.00000     7.51600     0.00000    -0.00598     0.00000     0.00000     0.00000    -0.00002
1420.00000     7.44400     0.00000    -0.00615     0.00000     0.00000     0.00000    -0.00002
1460.00000     7.37200     0.00000    -0.00633     0.00000     0.00000     0.00000    -0.00002
1500.00000     7.30000     0.00000    -0.00650     0.00000     0.00000     0.00000    -0.00002
1540.00000     7.22800     0.00000    -0.00607     0.00000     0.00000     0.00000    -0.00002
1580.00000     7.15600     0.00000    -0.00563     0.00000     0.00000     0.00000    -0.00002
1620.00000     7.08400     0.00000    -0.00520     0.00000     0.00000     0.00000    -0.00002
1660.00000     7.01200     0.00000    -0.00477     0.00000     0.00000     0.00000    -0.00002
1700.00000     6.94000     0.00000    -0.00433     0.00000     0.00000     0.00000    -0.00002
1740.00000     6.86800     0.00000    -0.00390     0.00000     0.00000     0.00000    -0.00002
1780.00000     6.79600     0.00000    -0.00347     0.00000     0.00000     0.00000    -0.00002
1820.00000     6.72400     0.00000    -0.00303     0.00000     0.00000     0.00000    -0.00002
1860.00000     6.65200     0.00000    -0.00260     0.00000     0.00000     0.00000    -0.00001
1900.00000     6.58000     0.00000    -0.00217     0.00000     0.00000     0.00000    -0.00001
1940.00000     6.50800     0.00000    -0.00173     0.00000     0.00000     0.00000    -0.00001
1980.00000     6.43600     0.00000    -0.00130     0.00000     0.00000     0.00000    -0.00001
2020.00000     6.36400     0.00000    -0.00087     0.00000     0.00000     0.00000    -0.00001
2060.00000     6.29200     0.00000    -0.00043     0.00000     0.00000     0.00000    -0.00001
2100.00000     6.22000     0.00000     0.00000     0.00000     0.00000     0.00000    -0.00001
2140.00000     6.14800     0.00000     0.00000     0.00000     0.00000     0.00000    -0.00001
2180.00000     6.07600     0.00000     0.00000     0.00000     0.00000     0.00000    -0.00001
2220.00000     6.00400     0.00000     0.00000     0.00000     0.00000     0.00000    -0.00001
2260.00000     5.93200     0.00000     0.00000     0.00000     0.00000     0.00000    -0.00001
2300.00000     5.86000     0.00000     0.00000     0.00000     0.00000     0.00000    -0.00000
2340.00000     5.78800     0.00000     0.00000     0.00000     0.00000     0.00000    -0.00000
2380.00000     5.71600     0.00000     0.00000     0.00000     0.00000     0.00000    -0.00000
2420.00000     5.64400     0.00000     0.00000     0.00000     0.00000     0.00000    -0.00000
2460.00000     5.57200     0.00000     0.00000     0.00000     0.00000     0.00000    -0.00000
2500.00000     5.50000     0.00000     0.00000     0.00000     0.00000     0.00000     0.00000
2540.00000     5.42800     0.00000     0.00000     0.00000     0.00000     0.00000     0.00000
2580.00000     5.35600     0.00000     0.00000     0.00000     0.00000     0.00000     0.00000
2620.00000     5.28400     0.00000     0.00000     0.00000     0.00000     0.00000     0.00000
2660.00000     5.21200     0.00000     0.00000     0.00000     0.00000     0.00000     0.00000
2700.00000     5.14000     0.00000     0.00000     0.00000     0.00000     0.00000     0.00000
2740.00000     5.06800     0.00000     0.00000     0.00000     0.00000     0.00000     0.00000
2780.00000     4.99600     0.00000     0.00000     0.00000     0.00000     0.00000     0.00000
2820.00000     4.92400     0.00000     0.00000     0.00000     0.00000     0.00000     0.00000
2860.00000     4.85200     0.00000     0.00000     0.00000     0.00000     0.00000     0.00000
2900.00000     4.78000     0.00000     0.00000     0.00000     0.00000     0.00000     0.00000
2940.00000     4.70800     0.00000     0.00000     0.00000     0.00000     0.00000     0.00000
2980.00000     4.63600     0.00000     0.00000     0.00000     0.00000     0.00000     0.00000
3020.00000     4.56400     0.00000     0.00000     0.00000     0.00000     0.00000     0.00000
3060.00000     4.49200     0.00000     0.00000     0.00000     0.00000     0.00000     0.00000
3100.00000     4.42000     0.00000     0.00000     0.00000     0.00000     0.00000     0.00000
3140.00000     4.34800     0.00000     0.00000     0.00000     0.00000     0.00000     0.00000
3180.00000     4.27600     0.00000     0.00000     0.00000     0.00000     0.00000     0.00000
3220.00000     4.20400     0.00000     0.00000     0.00000     0.00000     0.00000     0.00000
3260.00000     4.19942     0.00000     0.00000     0.00000     0.00000     0.00000     0.00000
3300.00000     4.19483     0.00000     0.00000     0.00000     0.00000     0.00000     0.00000
3340.00000     4.19025     0.00000     0.00000     0.00000     0.00000     0.00000     0.00000
3380.00000     4.18566     0.00000     0.00000     0.00000     0.00000     0.00000     0.00000
3420.00000     4.18108     0.00000     0.00000     0.00000     0.00000     0.00000     0.00000
3460.00000     4.17649     0.00000     0.00000     0.00000     0.00000     0.00000     0.00000
3500.00000     4.17191     0.00000     0.00000     0.00000     0.00000     0.00000     0.00000
3540.00000     4.16733     0.00000     0.00000     0.00000     0.00000     0.00000     0.00000
3580.00000     4.16274     0.00000     0.00000     0.00000     0.00000     0.00000     0.00000
3620.00000     4.15816     0.00000     0.00000     0.00000     0.00000     0.00000     0.00000
3660.00000     4.15357     0.00000     0.00000     0.00000     0.00000     0.00000     0.00000
3700.00000     4.14899     0.00000     0.00000     0.00000     0.00000     0.00000     0.00000
3740.00000     4.14440     0.00000     0.00000     0.00000     0.00000     0.00000     0.00000
3780.00000     4.13982     0.00000     0.00000     0.00000     0.00000     0.00000     0.00000
3820.00000     4.13524     0.00000     0.00000     0.00000     0.00000     0.00000     0.00000
3860.00000     4.13065     0.00000     0.00000     0.00000     0.00000     0.00000     0.00000
3900.00000     4.12607     0.00000     0.00000     0.00000     0.00000     0.00000     0.00000
3940.00000     4.12148     0.00000     0.00000     0.00000     0.00000     0.00000     0.00000
3980.00000     4.11690     0.00000     0.00000     0.00000     0.00000     0.00000     0.00000
4020.00000     4.11231     0.00000     0.00000     0.00000     0.00000     0.00000     0.00000
4060.00000     4.10773     0.00000     0.00000     0.00000     0.00000     0.00000     0.00000
4100.00000     4.10315     0.00000     0.00000     0.00000     0.00000     0.00000     0.00000
4140.00000     4.09856     0.00000     0.00000     0.00000     0.00000     0.00000     0.00000
4180.00000     4.09398     0.00000     0.00000     0.00000     0.00000     0.00000     0.00000
4220.00000     4.08939     0.00000     0.00000     0.00000     0.00000     0.00000     0.00000
4260.00000     4.08481     0.00000     0.00000     0.00000     0.00000     0.00000     0.00000
4300.00000     4.08022     0.00000     0.00000     0.00000     0.00000     0.00000     0.00000
4340.00000     4.07564     0.00000     0.00000     0.00000     0.00000     0.00000     0.00000
4380.00000     4.07106     0.00000     0.00000     0.00000     0.00000     0.00000     0.00000
4420.00000     4.06647     0.00000     0.00000     0.00000     0.00000     0.00000     0.00000
4460.00000     4.06189     0.00000     0.00000     0.00000     0.00000     0.00000     0.00000
4500.00000     4.05730     0.00000     0.00000     0.00000     0.00000     0.00000     0.00000
4540.00000     4.05272     0.00000     0.00000     0.00000     0.00000     0.00000     0.00000
4580.00000     4.04813     0.00000     0.00000     0.00000     0.00000     0.00000     0.00000
4620.00000     4.04355     0.00000     0.00000     0.00000     0.00000     0.00000     0.00000
4660.00000     4.03897     0.00000     0.00000     0.00000     0.00000     0.00000     0.00000
4700.00000     4.03438     0.00000     0.00000     0.00000     0.00000     0.00000     0.00000
4740.00000     4.02980     0.00000     0.00000     0.00000     0.00000     0.00000     0.00000
4780.00000     4.02521     0.00000     0.00000     0.00000     0.00000     0.00000     0.00000
4820.00000     4.02063     0.00000     0.00000     0.00000     0.00000     0.00000     0.00000
4860.00000     4.01604     0.00000     0.00000     0.00000     0.00000     0.00000     0.00000
4900.00000     4.01146     0.00000     0.00000     0.00000     0.00000     0.00000     0.00000
4940.00000     4.00688     0.00000     0.00000     0.00000     0.00000     0.00000     0.00000
4980.00000     4.00229     0.00000     0.00000     0.00000     0.00000     0.00000     0.00000
