# Bomex 10-10-2001
# zf thl qt u v tke   BOMEX
  20.00000   298.70000     0.01697     8.75000     0.00000     0.99333
  60.00000   298.70000     0.01692     8.75000     0.00000     0.98000
 100.00000   298.70000     0.01687     8.75000     0.00000     0.96667
 140.00000   298.70000     0.01681     8.75000     0.00000     0.95333
 180.00000   298.70000     0.01676     8.75000     0.00000     0.94000
 220.00000   298.70000     0.01670     8.75000     0.00000     0.92667
 260.00000   298.70000     0.01665     8.75000     0.00000     0.91333
 300.00000   298.70000     0.01660     8.75000     0.00000     0.90000
 340.00000   298.70000     0.01654     8.75000     0.00000     0.88667
 380.00000   298.70000     0.01649     8.75000     0.00000     0.87333
 420.00000   298.70000     0.01643     8.75000     0.00000     0.86000
 460.00000   298.70000     0.01638     8.75000     0.00000     0.84667
 500.00000   298.70000     0.01633     8.75000     0.00000     0.83333
 540.00000   298.77700     0.01618     8.75000     0.00000     0.82000
 580.00000   298.93100     0.01595     8.75000     0.00000     0.80667
 620.00000   299.08500     0.01572     8.75000     0.00000     0.79333
 660.00000   299.24000     0.01548     8.75000     0.00000     0.78000
 700.00000   299.39400     0.01525     8.75000     0.00000     0.76667
 740.00000   299.54800     0.01502     8.67800     0.00000     0.75333
 780.00000   299.70200     0.01478     8.60600     0.00000     0.74000
 820.00000   299.85600     0.01455     8.53400     0.00000     0.72667
 860.00000   300.01000     0.01432     8.46200     0.00000     0.71333
 900.00000   300.16500     0.01408     8.39000     0.00000     0.70000
 940.00000   300.31900     0.01385     8.31800     0.00000     0.68667
 980.00000   300.47300     0.01362     8.24600     0.00000     0.67333
1020.00000   300.62700     0.01338     8.17400     0.00000     0.66000
1060.00000   300.78100     0.01315     8.10200     0.00000     0.64667
1100.00000   300.93500     0.01292     8.03000     0.00000     0.63333
1140.00000   301.09000     0.01268     7.95800     0.00000     0.62000
1180.00000   301.24400     0.01245     7.88600     0.00000     0.60667
1220.00000   301.39800     0.01222     7.81400     0.00000     0.59333
1260.00000   301.55200     0.01198     7.74200     0.00000     0.58000
1300.00000   301.70600     0.01175     7.67000     0.00000     0.56667
1340.00000   301.86000     0.01152     7.59800     0.00000     0.55333
1380.00000   302.01500     0.01128     7.52600     0.00000     0.54000
1420.00000   302.16900     0.01105     7.45400     0.00000     0.52667
1460.00000   302.32300     0.01082     7.38200     0.00000     0.51333
1500.00000   302.62300     0.01045     7.31000     0.00000     0.50000
1540.00000   303.06900     0.00995     7.23800     0.00000     0.48667
1580.00000   303.51500     0.00945     7.16600     0.00000     0.47333
1620.00000   303.96200     0.00895     7.09400     0.00000     0.46000
1660.00000   304.40800     0.00845     7.02200     0.00000     0.44667
1700.00000   304.85400     0.00795     6.95000     0.00000     0.43333
1740.00000   305.30000     0.00745     6.87800     0.00000     0.42000
1780.00000   305.74600     0.00695     6.80600     0.00000     0.40667
1820.00000   306.19200     0.00645     6.73400     0.00000     0.39333
1860.00000   306.63800     0.00595     6.66200     0.00000     0.38000
1900.00000   307.08500     0.00545     6.59000     0.00000     0.36667
1940.00000   307.53100     0.00495     6.51800     0.00000     0.35333
1980.00000   307.97700     0.00445     6.44600     0.00000     0.34000
2020.00000   308.27300     0.00418     6.37400     0.00000     0.32667
2060.00000   308.41900     0.00413     6.30200     0.00000     0.31333
2100.00000   308.56500     0.00408     6.23000     0.00000     0.30000
2140.00000   308.71100     0.00403     6.15800     0.00000     0.28667
2180.00000   308.85700     0.00398     6.08600     0.00000     0.27333
2220.00000   309.00300     0.00394     6.01400     0.00000     0.26000
2260.00000   309.14900     0.00389     5.94200     0.00000     0.24667
2300.00000   309.29500     0.00384     5.87000     0.00000     0.23333
2340.00000   309.44100     0.00379     5.79800     0.00000     0.22000
2380.00000   309.58700     0.00374     5.72600     0.00000     0.20667
2420.00000   309.73300     0.00370     5.65400     0.00000     0.19333
2460.00000   309.87900     0.00365     5.58200     0.00000     0.18000
2500.00000   310.02500     0.00360     5.51000     0.00000     0.16667
2540.00000   310.17100     0.00355     5.43800     0.00000     0.15333
2580.00000   310.31700     0.00350     5.36600     0.00000     0.14000
2620.00000   310.46300     0.00346     5.29400     0.00000     0.12667
2660.00000   310.60900     0.00341     5.22200     0.00000     0.11333
2700.00000   310.75500     0.00336     5.15000     0.00000     0.10000
2740.00000   310.90100     0.00331     5.07800     0.00000     0.08667
2780.00000   311.04700     0.00326     5.00600     0.00000     0.07333
2820.00000   311.19300     0.00322     4.93400     0.00000     0.06000
2860.00000   311.33900     0.00317     4.86200     0.00000     0.04667
2900.00000   311.48500     0.00312     4.79000     0.00000     0.03333
2940.00000   311.63100     0.00307     4.71800     0.00000     0.02000
2980.00000   311.77700     0.00302     4.64600     0.00000     0.00667
3020.00000   311.92300     0.00298     4.57400     0.00000     0.00670
3060.00000   312.06900     0.00293     4.50200     0.00000     0.00670
3100.00000   312.21500     0.00288     4.43000     0.00000     0.00670
3140.00000   312.36100     0.00283     4.35800     0.00000     0.00670
3180.00000   312.50700     0.00278     4.28600     0.00000     0.00670
3220.00000   312.65315     0.00278     4.27971     0.00000     0.00670
3260.00000   312.79931     0.00277     4.27343     0.00000     0.00670
3300.00000   312.94546     0.00277     4.26714     0.00000     0.00670
3340.00000   313.09162     0.00276     4.26086     0.00000     0.00670
3380.00000   313.23777     0.00275     4.25457     0.00000     0.00670
3420.00000   313.38392     0.00275     4.24829     0.00000     0.00670
3460.00000   313.53008     0.00274     4.24200     0.00000     0.00670
3500.00000   313.67623     0.00273     4.23571     0.00000     0.00670
3540.00000   313.82238     0.00273     4.22943     0.00000     0.00670
3580.00000   313.96854     0.00272     4.22314     0.00000     0.00670
3620.00000   314.11469     0.00272     4.21686     0.00000     0.00670
3660.00000   314.26085     0.00271     4.21057     0.00000     0.00670
3700.00000   314.40700     0.00270     4.20429     0.00000     0.00670
3740.00000   314.55315     0.00270     4.19800     0.00000     0.00670
3780.00000   314.69931     0.00269     4.19171     0.00000     0.00670
3820.00000   314.84546     0.00268     4.18543     0.00000     0.00670
3860.00000   314.99162     0.00268     4.17914     0.00000     0.00670
3900.00000   315.13777     0.00267     4.17286     0.00000     0.00670
3940.00000   315.28392     0.00267     4.16657     0.00000     0.00670
3980.00000   315.43008     0.00266     4.16029     0.00000     0.00670
4020.00000   315.57623     0.00265     4.15400     0.00000     0.00670
4060.00000   315.72238     0.00265     4.14771     0.00000     0.00670
4100.00000   315.86854     0.00264     4.14143     0.00000     0.00670
4140.00000   316.01469     0.00263     4.13514     0.00000     0.00670
4180.00000   316.16085     0.00263     4.12886     0.00000     0.00670
4220.00000   316.30700     0.00262     4.12257     0.00000     0.00670
4260.00000   316.45315     0.00262     4.11629     0.00000     0.00670
4300.00000   316.59931     0.00261     4.11000     0.00000     0.00670
4340.00000   316.74546     0.00260     4.10371     0.00000     0.00670
4380.00000   316.89162     0.00260     4.09743     0.00000     0.00670
4420.00000   317.03777     0.00259     4.09114     0.00000     0.00670
4460.00000   317.18392     0.00258     4.08486     0.00000     0.00670
4500.00000   317.33008     0.00258     4.07857     0.00000     0.00670
4540.00000   317.47623     0.00257     4.07229     0.00000     0.00670
4580.00000   317.62238     0.00257     4.06600     0.00000     0.00670
4620.00000   317.76854     0.00256     4.05971     0.00000     0.00670
4660.00000   317.91469     0.00255     4.05343     0.00000     0.00670
4700.00000   318.06085     0.00255     4.04714     0.00000     0.00670
4740.00000   318.20700     0.00254     4.04086     0.00000     0.00670
4780.00000   318.35315     0.00253     4.03457     0.00000     0.00670
4820.00000   318.49931     0.00253     4.02829     0.00000     0.00670
4860.00000   318.64546     0.00252     4.02200     0.00000     0.00670
4900.00000   318.79162     0.00252     4.01571     0.00000     0.00670
4940.00000   318.93777     0.00251     4.00943     0.00000     0.00670
4980.00000   319.08392     0.00250     4.00314     0.00000     0.00670
